01 01   -2295    03
02 01   -2265    03
03 01   -2265    04
04 01   -2265    04
05 01   -2265    05
06 01   -2237    05
07 01   -2237    05
08 01   -2237    06
09 01   -2208    06
10 01   -2208    07
11 01   -2178    07
12 01   -2178    08
13 01   -2150    08
14 01   -2120    08
15 01   -2120    09
16 01   -2090    09
17 01   -2060    09
18 01   -2060    10
19 01   -2030    10
20 01   -2000    10
21 01   -2000    11
22 01   -2000    11
23 01   -1970    11
24 01   -1937    11
25 01   -1937    12
26 01   -1875    12
27 01   -1845    12
28 01   -1812    12
29 01   -1812    13
30 01   -1780    13
31 01   -1750    13
01 02   -1718    13
02 02   -1685    13
03 02   -1655    13
04 02   -1655    14
05 02   -1622    14
06 02   -1590    14
07 02   -1557    14
08 02   -1525    14
09 02   -1492    14
10 02   -1460    14
11 02   -1425    14
12 02   -1393    14
13 02   -1360    14
14 02   -1325    14
15 02   -1293    14
16 02   -1260    14
17 02   -1225    14
18 02   -1192    14
19 02   -1158    14
20 02   -1158    14
21 02   -1124    14
22 02   -1055    13
23 02   -1022    13
24 02   -0987    13
25 02   -0953    13
26 02   -0918    13
27 02   -0850    13
28 02   -0780    12
01 03   -0745    12
02 03   -0710    12
03 03   -0710    12
04 03   -0675    12
05 03   -0640    11
06 03   -0605    11
07 03   -0605    11
08 03   -0570    11
09 03   -0498    10
10 03   -0463    10
11 03   -0427    10
12 03   -0392    10
13 03   -0285    09
14 03   -0215    09
15 03   -0178    09
16 03   -0070    08
17 03    0000    08
18 03    0035    08
19 03    0107    07
20 03    0143    07
21 03    0143    07
22 03    0143    07
23 03    0178    06
24 03    0178    06
25 03    0178    06
26 03    0215    05
27 03    0215    05
28 03    0215    05
29 03    0285    04
30 03    0285    04
31 03    0320    04
01 04    0392    03
02 04    0463    03
03 04    0498    03
04 04    0570    02
05 04    0605    02
06 04    0640    02
07 04    0675    01
08 04    0710    01
09 04    0745    01
10 04    0745    01
11 04    0815    00
12 04    0815    00
13 04    0850    00
14 04    0885    00
15 04    0953   -01
16 04    0967   -01
17 04    1022   -01
18 04    1055   -01
19 04    1125   -02
20 04    1125   -02
21 04    1158   -02
22 04    1192   -02
23 04    1225   -02
24 04    1260   -03
25 04    1293   -03
26 04    1325   -03
27 04    1325   -03
28 04    1360   -03
29 04    1393   -03
30 04    1425   -03
01 05    1492   -04
02 05    1525   -04
03 05    1557   -04
04 05    1590   -04
05 05    1622   -04
06 05    1655   -04
07 05    1655   -04
08 05    1685   -04
09 05    1718   -04
10 05    1718   -04
11 05    1750   -04
12 05    1780   -04
13 05    1812   -04
14 05    1845   -04
15 05    1845   -04
16 05    1875   -04
17 05    1905   -04
18 05    1937   -04
19 05    1968   -04
20 05    1998   -04
21 05    2030   -04
22 05    2030   -04
23 05    2060   -04
24 05    2060   -04
25 05    2060   -03
26 05    2090   -03
27 05    2120   -03
28 05    2120   -03
29 05    2150   -03
30 05    2178   -03
31 05    2208   -03
01 06    2208   -03
02 06    2208   -02
03 06    2237   -02
04 06    2237   -02
05 06    2265   -02
06 06    2265   -02
07 06    2295   -02
08 06    2295   -01
09 06    2295   -01
10 06    2295   -01
11 06    2325   -01
12 06    2325   -01
13 06    2325    00
14 06    2325    00
15 06    2325    00
16 06    2350    00
17 06    2350    00
18 06    2350    01
19 06    2350    01
20 06    2350    01
21 06    2350    01
22 06    2350    01
23 06    2350    02
24 06    2350    02
25 06    2350    02
26 06    2350    02
27 06    2350    02
28 06    2350    03
29 06    2350    03
30 06    2350    03
01 07    2350    03
02 07    2350    03
03 07    2325    04
04 07    2325    04
05 07    2295    04
06 07    2295    04
07 07    2295    04
08 07    2295    04
09 07    2265    04
10 07    2237    05
11 07    2237    05
12 07    2208    05
13 07    2208    05
14 07    2208    05
15 07    2208    05
16 07    2178    05
17 07    2178    05
18 07    2178    05
19 07    2120    06
20 07    2120    06
21 07    2090    06
22 07    2060    06
23 07    2030    06
24 07    2030    06
25 07    1998    06
26 07    1968    06
27 07    1937    06
28 07    1937    06
29 07    1905    06
30 07    1905    06
31 07    1875    06
01 08    1875    06
02 08    1845    06
03 08    1812    06
04 08    1812    05
05 08    1780    05
06 08    1750    05
07 08    1685    05
08 08    1622    05
09 08    1557    05
10 08    1492    05
11 08    1425    05
12 08    1360    05
13 08    1325    04
14 08    1293    04
15 08    1225    04
16 08    1192    04
17 08    1158    04
18 08    1125    03
19 08    1090    03
20 08    1055    03
21 08    1022    03
22 08    1022    02
23 08    0987    02
24 08    0953    02
25 08    0918    02
26 08    0885    01
27 08    0850    01
28 08    0780    01
29 08    0745    01
30 08    0710    00
31 08    0675    00
01 09    0605    00
02 09    0605   -01
03 09    0570   -01
04 09    0498   -01
05 09    0498   -02
06 09    0463   -02
07 09    0392   -02
08 09    0392   -03
09 09    0355   -03
10 09    0285   -03
11 09    0285   -04
12 09    0215   -04
13 09    0187   -04
14 09    0143   -05
15 09    0107   -05
16 09    0107   -06
17 09    0035   -06
18 09    0000   -06
19 09   -0035   -07
20 09   -0070   -07
21 09   -0107   -07
22 09   -0143   -08
23 09   -0178   -08
24 09   -0250   -08
25 09   -0285   -09
26 09   -0320   -09
27 09   -0355   -10
28 09   -0392   -10
29 09   -0392   -10
30 09   -0463   -11
01 10   -0535   -11
02 10   -0570   -11
03 10   -0570   -12
04 10   -0605   -12
05 10   -0675   -12
06 10   -0710   -12
07 10   -0710   -13
08 10   -0780   -13
09 10   -0815   -13
10 10   -0850   -14
11 10   -0885   -14
12 10   -0918   -14
13 10   -0987   -14
14 10   -0987   -15
15 10   -1022   -15
16 10   -1090   -15
17 10   -1124   -15
18 10   -1158   -15
19 10   -1158   -16
20 10   -1192   -16
21 10   -1225   -16
22 10   -1260   -16
23 10   -1325   -16
24 10   -1360   -16
25 10   -1393   -16
26 10   -1393   -17
27 10   -1425   -17
28 10   -1460   -17
29 10   -1492   -17
30 10   -1525   -17
31 10   -1557   -17
01 11   -1590   -17
02 11   -1622   -17
03 11   -1655   -17
04 11   -1685   -17
05 11   -1685   -17
06 11   -1718   -17
07 11   -1750   -17
08 11   -1780   -17
09 11   -1812   -17
10 11   -1845   -16
11 11   -1875   -16
12 11   -1905   -16
13 11   -1937   -16
14 11   -1937   -16
15 11   -1970   -16
16 11   -1970   -16
17 11   -2000   -15
18 11   -2030   -15
19 11   -2030   -15
20 11   -2060   -15
21 11   -2090   -14
22 11   -2090   -14
23 11   -2120   -14
24 11   -2120   -14
25 11   -2178   -13
26 11   -2178   -13
27 11   -2178   -13
28 11   -2208   -12
29 11   -2208   -12
30 11   -2208   -12
01 12   -2237   -11
02 12   -2237   -11
03 12   -2265   -10
04 12   -2265   -10
05 12   -2265   -10
06 12   -2295   -09
07 12   -2295   -09
08 12   -2295   -08
09 12   -2295   -08
10 12   -2295   -08
11 12   -2325   -07
12 12   -2325   -07
13 12   -2350   -06
14 12   -2350   -06
15 12   -2350   -05
16 12   -2350   -05
17 12   -2350   -04
18 12   -2350   -04
19 12   -2350   -03
20 12   -2325   -03
21 12   -2325   -02
22 12   -2325   -02
23 12   -2325   -01
24 12   -2295   -01
25 12   -2295   -01
26 12   -2295    00
27 12   -2295    00
28 12   -2295    01
29 12   -2295    01
30 12   -2295    02
31 12   -2295    02
